3 0.28222289453125 0.35638589453125 0.28222289453125 0.381536505859375 0.294571875 0.3960974453125 0.315741546875 0.406687119140625 0.344849853515625 0.401392255859375 0.3633732890625 0.393449951171875 0.37572226953125 0.3630044765625 0.388953306640625 0.347781740234375 0.399538109375 0.327925990234375 0.417179490234375 0.308070240234375 0.376604326171875 0.317336240234375 0.339557384765625 0.32263112890625 0.28751536328125 0.350429158203125 0.28222289453125 0.35638589453125
3 0.440995328125 0.372932353515625 0.411005033203125 0.3868313671875 0.391486775390625 0.40324166796875 0.381014671875 0.4272047421875 0.39159947265625 0.447722341796875 0.419109439453125 0.4599849921875 0.445373630859375 0.462703244140625 0.46258117578125 0.453529171875 0.48509878125 0.43978003515625 0.491273306640625 0.424557298828125 0.494801595703125 0.398744837890625 0.4868629609375 0.37425607421875 0.481027998046875 0.348364859375 0.469221578125 0.355062171875 0.454226365234375 0.3630044765625 0.440995328125 0.372932353515625
3 0.45462290234375 0.62283441015625 0.44418108203125 0.648951125 0.460714021484375 0.66984452734375 0.481597728515625 0.682249927734375 0.49987094921875 0.6868203828125 0.530326337890625 0.682249927734375 0.55730109765625 0.662009482421875 0.57731459765625 0.631975271484375 0.585146064453125 0.611734826171875 0.604289423828125 0.59867646875 0.608640193359375 0.593453107421875 0.61051433203125 0.587614626953125 0.56687277734375 0.59867646875 0.51988444921875 0.60194105859375 0.485078291015625 0.609776052734375 0.45462290234375 0.62283441015625
3 0.214460423828125 0.589511353515625 0.1709527265625 0.61040473046875 0.13353614453125 0.6254218359375 0.1065613203125 0.626074744140625 0.12744502734375 0.637827287109375 0.157030275390625 0.6613323203125 0.196187203125 0.673084861328125 0.221421681640625 0.68614321875 0.282332458984375 0.68940780859375 0.32322966796875 0.678308173828125 0.342373095703125 0.664596908203125 0.346723865234375 0.643050599609375 0.342373095703125 0.622810154296875 0.326710298828125 0.59799933203125 0.30408630859375 0.5823292421875 0.267539802734375 0.57906465234375 0.214460423828125 0.589511353515625
3 0.392841986328125 0.25657175 0.407634642578125 0.289870552734375 0.43809003125 0.30423475 0.476376751953125 0.301623068359375 0.50944262890625 0.289870552734375 0.532936759765625 0.2742005390625 0.562647919921875 0.257173189453125 0.5120531171875 0.24416630078125 0.468545419921875 0.231107943359375 0.422427234375 0.2291491953125 0.392841986328125 0.25657175
3 0.712188462890625 0.397602001953125 0.68260328125 0.40870166015625 0.662589712890625 0.42306580859375 0.70957810546875 0.440694595703125 0.763527625 0.46158797265625 0.82269812109375 0.4720346484375 0.860114634765625 0.47334046484375 0.89144023046875 0.46550546875 0.89492079296875 0.45048836328125 0.89840148828125 0.430900826171875 0.88795966796875 0.403478271484375 0.8253084765625 0.37801446484375 0.7600469296875 0.383237802734375 0.712188462890625 0.397602001953125
3 0.93755841796875 0.32578103515625 0.90362233203125 0.3114168359375 0.852283302734375 0.295746822265625 0.81399658203125 0.28921764453125 0.81747714453125 0.297705572265625 0.82443840234375 0.317946015625 0.846192251953125 0.35059191015625 0.866205818359375 0.377361556640625 0.90362233203125 0.388461166015625 0.935788373046875 0.377927095703125 0.9506107265625 0.361691517578125 0.95322121484375 0.335574802734375 0.93755841796875 0.32578103515625
3 0.539898017578125 0.8656228671875 0.599068447265625 0.887169126953125 0.655628455078125 0.90545084765625 0.6399657890625 0.875416634765625 0.64257614453125 0.832976998046875 0.63213432421875 0.791843126953125 0.607769986328125 0.7409155390625 0.57731459765625 0.70369921484375 0.525975568359375 0.682805837890625 0.47315562109375 0.6877925703125 0.465934931640625 0.700434625 0.4467915703125 0.708922552734375 0.4328690546875 0.734386359375 0.4293884921875 0.78139642578125 0.474636470703125 0.836241587890625 0.539898017578125 0.8656228671875
3 0.2544874921875 0.736998015625 0.230123220703125 0.776173087890625 0.223161962890625 0.817959841796875 0.24143518359375 0.87606954296875 0.2544874921875 0.923079609375 0.267539802734375 0.964213455078125 0.280592111328125 0.94919632421875 0.29799519140625 0.904797939453125 0.347594005859375 0.871499087890625 0.39458233203125 0.838200287109375 0.405894294921875 0.79902521484375 0.422427234375 0.76050307421875 0.418076462890625 0.731774677734375 0.405024154296875 0.711534234375 0.38849121484375 0.693905447265625 0.37662162890625 0.680627771484375 0.350204427734375 0.6867233359375 0.31539826953125 0.689335017578125 0.291904138671875 0.698475876953125 0.2544874921875 0.736998015625
3 0.779190423828125 0.7435271953125 0.7757097265625 0.78074351953125 0.780060498046875 0.80816607421875 0.802684552734375 0.830365267578125 0.8235681953125 0.832976998046875 0.8392309921875 0.832976998046875 0.864465404296875 0.841464875 0.8992715625 0.84015903515625 0.916674642578125 0.827753611328125 0.94103898046875 0.79249603515625 0.94364946875 0.76507348046875 0.920155337890625 0.73569217578125 0.908843310546875 0.71284005078125 0.90014176953125 0.68345874609375 0.8992715625 0.654077455078125 0.896624943359375 0.637384818359375 0.867946099609375 0.663218302734375 0.827048890625 0.688682109375 0.800944271484375 0.727857181640625 0.779190423828125 0.7435271953125
0 0.829962119140625 0.980246318359375 0.84939615625 0.994061123046875 0.872410126953125 0.99981728125 0.900026861328125 0.999433513671875 0.9184380703125 0.996363580078125 0.9174152421875 0.97564140234375 0.915369509765625 0.947244345703125 0.907698185546875 0.92191725390625 0.8913327109375 0.901195076171875 0.8616702421875 0.87817044140625 0.8350763359375 0.87817044140625 0.815341349609375 0.88004693359375 0.791605501953125 0.897741388671875 0.782399896484375 0.921149791015625 0.80132255859375 0.95837292578125 0.829962119140625 0.980246318359375