3 0.401392255859375 0.655150146484375 0.393449951171875 0.6366267109375 0.3630044765625 0.62427773046875 0.347781740234375 0.611046693359375 0.327925990234375 0.600461890625 0.308070240234375 0.582820509765625 0.317336240234375 0.623395673828125 0.32263112890625 0.660442615234375 0.350429158203125 0.71248463671875 0.35638589453125 0.71777710546875 0.381536505859375 0.71777710546875 0.3960974453125 0.705428125 0.406687119140625 0.684258453125 0.401392255859375 0.655150146484375
3 0.447722341796875 0.60840052734375 0.4599849921875 0.580890560546875 0.462703244140625 0.554626369140625 0.453529171875 0.53741882421875 0.43978003515625 0.51490121875 0.424557298828125 0.508726693359375 0.398744837890625 0.505198404296875 0.37425607421875 0.5131370390625 0.348364859375 0.518972001953125 0.355062171875 0.530778421875 0.3630044765625 0.545773634765625 0.372932353515625 0.559004671875 0.3868313671875 0.588994966796875 0.40324166796875 0.608513224609375 0.4272047421875 0.618985328125 0.447722341796875 0.60840052734375
3 0.6868203828125 0.50012905078125 0.682249927734375 0.469673662109375 0.662009482421875 0.44269890234375 0.631975271484375 0.42268540234375 0.611734826171875 0.414853935546875 0.59867646875 0.395710576171875 0.593453107421875 0.391359806640625 0.587614626953125 0.38948566796875 0.59867646875 0.43312722265625 0.60194105859375 0.48011555078125 0.609776052734375 0.514921708984375 0.62283441015625 0.54537709765625 0.648951125 0.55581891796875 0.66984452734375 0.539285978515625 0.682249927734375 0.518402271484375 0.6868203828125 0.50012905078125
3 0.637827287109375 0.87255497265625 0.6613323203125 0.842969724609375 0.673084861328125 0.803812796875 0.68614321875 0.778578318359375 0.68940780859375 0.717667541015625 0.678308173828125 0.67677033203125 0.664596908203125 0.657626904296875 0.643050599609375 0.653276134765625 0.622810154296875 0.657626904296875 0.59799933203125 0.673289701171875 0.5823292421875 0.69591369140625 0.57906465234375 0.732460197265625 0.589511353515625 0.785539576171875 0.61040473046875 0.8290472734375 0.6254218359375 0.86646385546875 0.626074744140625 0.8934386796875 0.637827287109375 0.87255497265625
3 0.289870552734375 0.49055737109375 0.2742005390625 0.467063240234375 0.257173189453125 0.437352080078125 0.24416630078125 0.4879468828125 0.231107943359375 0.531454580078125 0.2291491953125 0.577572765625 0.25657175 0.607158013671875 0.289870552734375 0.592365357421875 0.30423475 0.56190996875 0.301623068359375 0.523623248046875 0.289870552734375 0.49055737109375
3 0.46158797265625 0.236472375 0.4720346484375 0.17730187890625 0.47334046484375 0.139885365234375 0.46550546875 0.10855976953125 0.45048836328125 0.10507920703125 0.430900826171875 0.10159851171875 0.403478271484375 0.11204033203125 0.37801446484375 0.1746915234375 0.383237802734375 0.2399530703125 0.397602001953125 0.287811537109375 0.40870166015625 0.31739671875 0.42306580859375 0.337410287109375 0.440694595703125 0.29042189453125 0.46158797265625 0.236472375
3 0.297705572265625 0.18252285546875 0.317946015625 0.17556159765625 0.35059191015625 0.153807748046875 0.377361556640625 0.133794181640625 0.388461166015625 0.09637766796875 0.377927095703125 0.064211626953125 0.361691517578125 0.0493892734375 0.335574802734375 0.04677878515625 0.32578103515625 0.06244158203125 0.3114168359375 0.09637766796875 0.295746822265625 0.147716697265625 0.28921764453125 0.18600341796875 0.297705572265625 0.18252285546875
3 0.832976998046875 0.35742385546875 0.791843126953125 0.36786567578125 0.7409155390625 0.392230013671875 0.70369921484375 0.42268540234375 0.682805837890625 0.474024431640625 0.6877925703125 0.52684437890625 0.700434625 0.534065068359375 0.708922552734375 0.5532084296875 0.734386359375 0.5671309453125 0.78139642578125 0.5706115078125 0.836241587890625 0.525363529296875 0.8656228671875 0.460101982421875 0.887169126953125 0.400931552734375 0.90545084765625 0.344371544921875 0.875416634765625 0.3600342109375 0.832976998046875 0.35742385546875
3 0.923079609375 0.7455125078125 0.964213455078125 0.732460197265625 0.94919632421875 0.719407888671875 0.904797939453125 0.70200480859375 0.871499087890625 0.652405994140625 0.838200287109375 0.60541766796875 0.79902521484375 0.594105705078125 0.76050307421875 0.577572765625 0.731774677734375 0.581923537109375 0.711534234375 0.594975845703125 0.693905447265625 0.61150878515625 0.680627771484375 0.62337837109375 0.6867233359375 0.649795572265625 0.689335017578125 0.68460173046875 0.698475876953125 0.708095861328125 0.736998015625 0.7455125078125 0.776173087890625 0.769876779296875 0.817959841796875 0.776838037109375 0.87606954296875 0.75856481640625 0.923079609375 0.7455125078125
3 0.832976998046875 0.1764318046875 0.832976998046875 0.1607690078125 0.841464875 0.135534595703125 0.84015903515625 0.1007284375 0.827753611328125 0.083325357421875 0.79249603515625 0.05896101953125 0.76507348046875 0.05635053125 0.73569217578125 0.079844662109375 0.71284005078125 0.091156689453125 0.68345874609375 0.09985823046875 0.654077455078125 0.1007284375 0.637384818359375 0.103375056640625 0.663218302734375 0.132053900390625 0.688682109375 0.172951109375 0.727857181640625 0.199055728515625 0.7435271953125 0.220809576171875 0.78074351953125 0.2242902734375 0.80816607421875 0.219939501953125 0.830365267578125 0.197315447265625 0.832976998046875 0.1764318046875
0 0.996363580078125 0.0815619296875 0.97564140234375 0.0825847578125 0.947244345703125 0.084630490234375 0.92191725390625 0.092301814453125 0.901195076171875 0.1086672890625 0.87817044140625 0.1383297578125 0.87817044140625 0.1649236640625 0.88004693359375 0.184658650390625 0.897741388671875 0.208394498046875 0.921149791015625 0.217600103515625 0.95837292578125 0.19867744140625 0.980246318359375 0.170037880859375 0.994061123046875 0.15060384375 0.99981728125 0.127589873046875 0.999433513671875 0.099973138671875 0.996363580078125 0.0815619296875