3 0.5797345703125 0.6168622265625 0.683572287109375 0.645636275390625 0.6870503671875 0.601400392578125 0.67979930078125 0.471908078125 0.608738833984375 0.3830028984375 0.515925169921875 0.34821384375 0.524626482421875 0.379137365234375 0.530427302734375 0.4873699140625 0.54202905078125 0.578207787109375 0.5797345703125 0.6168622265625
3 0.7204052578125 0.357877453125 0.7595610234375 0.45064816796875 0.78856523046875 0.46031177734375 0.8378725 0.448715474609375 0.8828290859375 0.373339287109375 0.911833349609375 0.241914134765625 0.89008015234375 0.0988926796875 0.878478513671875 0 0.7987167890625 0.139479958984375 0.726206076171875 0.25544327734375 0.7204052578125 0.357877453125
3 0.772371443359375 0.51757218359375 0.785664849609375 0.570476869140625 0.823370369140625 0.59946769921875 0.8828290859375 0.595602314453125 0.949538978515625 0.614929533203125 0.911833349609375 0.547284265625 0.878478513671875 0.48930260546875 0.832071625 0.46997538671875 0.80016698046875 0.4777063046875 0.772371443359375 0.51757218359375
3 0.660946486328125 0.29603041015625 0.672548234375 0.3926665078125 0.689950748046875 0.466109853515625 0.7320070625 0.49510068359375 0.75521033984375 0.433253638671875 0.7204052578125 0.35014653515625 0.660946486328125 0.29603041015625
3 0.76246140625 0.885510609375 0.678135603515625 0.945257919921875 0.76246140625 0.982146708984375 0.790015533203125 0.980213869140625 0.833521927734375 0.964752328125 0.83932269140625 0.916434279296875 0.813218921875 0.879712384765625 0.76246140625 0.885510609375
3 0.32784775390625 0.516329595703125 0.34637616796875 0.60377276171875 0.35576651171875 0.627953009765625 0.372947306640625 0.627953009765625 0.395139140625 0.612688216796875 0.41446752734375 0.594561404296875 0.43093244140625 0.546859107421875 0.4280689921875 0.50201890625 0.41017234375 0.45908683984375 0.365788646484375 0.442868087890625 0.337869861328125 0.4629030390625 0.32784775390625 0.516329595703125
3 0.3958550234375 0.287358576171875 0.393707431640625 0.37036061328125 0.40874066015625 0.40852244921875 0.432364177734375 0.41710887890625 0.446681498046875 0.39516579296875 0.440954630859375 0.3512796953125 0.418762740234375 0.317888087890625 0.3958550234375 0.287358576171875
3 0.4509767109375 0.056479494140625 0.4567036328125 0.195770181640625 0.46958926953125 0.25015084375 0.4982238828125 0.267323625 0.544755171875 0.24824270703125 0.5576407265625 0.179551431640625 0.535448892578125 0.120400541015625 0.51182529296875 0.09845752734375 0.48319065234375 0.090825130859375 0.4509767109375 0.056479494140625
3 0.211296572265625 0.800079615234375 0.23324562890625 0.829331560546875 0.2615964609375 0.8390820234375 0.2652546484375 0.801298515625 0.2652546484375 0.74645132421875 0.262510990234375 0.68672871484375 0.23324562890625 0.71476176171875 0.211296572265625 0.800079615234375
3 0.349937466796875 0.855148703125 0.349392615234375 0.897585732421875 0.387803447265625 0.92561877734375 0.4371888046875 0.929275294921875 0.416154279296875 0.875646818359375 0.387803447265625 0.85614570703125 0.370427142578125 0.836644408203125 0.349937466796875 0.855148703125
3 0.466406640625 0.6049658671875 0.423076568359375 0.635672115234375 0.433865130859375 0.68910089453125 0.45143755078125 0.691703037109375 0.457945853515625 0.711652611328125 0.478121580078125 0.726397904296875 0.524981359375 0.715122046875 0.551665388671875 0.719458904296875 0.582254462890625 0.729000046875 0.562729556640625 0.695172470703125 0.54971290234375 0.651803884765625 0.517822212890625 0.61537430078125 0.466406640625 0.6049658671875
3 0.5451570859375 0.72119362109375 0.512539125 0.749533552734375 0.5451570859375 0.76282748828125 0.5529670546875 0.775838064453125 0.56793614453125 0.77670548828125 0.577698595703125 0.793185498046875 0.59787434765625 0.80619607421875 0.6317175234375 0.807063498046875 0.654496580078125 0.78798121484375 0.669465646484375 0.7498169140625 0.66295734375 0.709050470703125 0.649940740234375 0.68216189453125 0.622605890625 0.65700816796875 0.59331853125 0.658742884765625 0.56988862890625 0.6760903203125 0.5451570859375 0.72119362109375
3 0.68007809765625 0.702904583984375 0.67069477734375 0.736806337890625 0.683060560546875 0.768899064453125 0.71820540234375 0.79925707421875 0.74879440234375 0.828747791015625 0.73838112890625 0.772368630859375 0.72796785546875 0.727265197265625 0.711046255859375 0.70991776171875 0.68891804296875 0.706448328125 0.68007809765625 0.702904583984375