3 0.3831377734375 0.5797345703125 0.354363724609375 0.683572287109375 0.398599607421875 0.6870503671875 0.528091921875 0.67979930078125 0.6169971015625 0.608738833984375 0.65178615625 0.515925169921875 0.620862634765625 0.524626482421875 0.5126300859375 0.530427302734375 0.421792212890625 0.54202905078125 0.3831377734375 0.5797345703125
3 0.642122546875 0.7204052578125 0.54935183203125 0.7595610234375 0.53968822265625 0.78856523046875 0.551284525390625 0.8378725 0.626660712890625 0.8828290859375 0.758085865234375 0.911833349609375 0.9011073203125 0.89008015234375 1 0.878478513671875 0.860520041015625 0.7987167890625 0.74455672265625 0.726206076171875 0.642122546875 0.7204052578125
3 0.48242781640625 0.772371443359375 0.429523130859375 0.785664849609375 0.40053230078125 0.823370369140625 0.404397685546875 0.8828290859375 0.385070466796875 0.949538978515625 0.452715734375 0.911833349609375 0.51069739453125 0.878478513671875 0.53002461328125 0.832071625 0.5222936953125 0.80016698046875 0.48242781640625 0.772371443359375
3 0.70396958984375 0.660946486328125 0.6073334921875 0.672548234375 0.533890146484375 0.689950748046875 0.50489931640625 0.7320070625 0.566746361328125 0.75521033984375 0.64985346484375 0.7204052578125 0.70396958984375 0.660946486328125
3 0.114489390625 0.76246140625 0.054742080078125 0.678135603515625 0.017853291015625 0.76246140625 0.019786130859375 0.790015533203125 0.035247671875 0.833521927734375 0.083565720703125 0.83932269140625 0.120287615234375 0.813218921875 0.114489390625 0.76246140625
3 0.483670404296875 0.32784775390625 0.39622723828125 0.34637616796875 0.372046990234375 0.35576651171875 0.372046990234375 0.372947306640625 0.387311783203125 0.395139140625 0.405438595703125 0.41446752734375 0.453140892578125 0.43093244140625 0.49798109375 0.4280689921875 0.54091316015625 0.41017234375 0.557131912109375 0.365788646484375 0.5370969609375 0.337869861328125 0.483670404296875 0.32784775390625
3 0.712641423828125 0.3958550234375 0.62963938671875 0.393707431640625 0.59147755078125 0.40874066015625 0.58289112109375 0.432364177734375 0.60483420703125 0.446681498046875 0.6487203046875 0.440954630859375 0.682111912109375 0.418762740234375 0.712641423828125 0.3958550234375
3 0.943520505859375 0.4509767109375 0.804229818359375 0.4567036328125 0.74984915625 0.46958926953125 0.732676375 0.4982238828125 0.75175729296875 0.544755171875 0.820448568359375 0.5576407265625 0.879599458984375 0.535448892578125 0.90154247265625 0.51182529296875 0.909174869140625 0.48319065234375 0.943520505859375 0.4509767109375
3 0.199920384765625 0.211296572265625 0.170668439453125 0.23324562890625 0.1609179765625 0.2615964609375 0.198701484375 0.2652546484375 0.25354867578125 0.2652546484375 0.31327128515625 0.262510990234375 0.28523823828125 0.23324562890625 0.199920384765625 0.211296572265625
3 0.144851296875 0.349937466796875 0.102414267578125 0.349392615234375 0.07438122265625 0.387803447265625 0.070724705078125 0.4371888046875 0.124353181640625 0.416154279296875 0.14385429296875 0.387803447265625 0.163355591796875 0.370427142578125 0.144851296875 0.349937466796875
3 0.3950341328125 0.466406640625 0.364327884765625 0.423076568359375 0.31089910546875 0.433865130859375 0.308296962890625 0.45143755078125 0.288347388671875 0.457945853515625 0.273602095703125 0.478121580078125 0.284877953125 0.524981359375 0.280541095703125 0.551665388671875 0.270999953125 0.582254462890625 0.304827529296875 0.562729556640625 0.348196115234375 0.54971290234375 0.38462569921875 0.517822212890625 0.3950341328125 0.466406640625
3 0.27880637890625 0.5451570859375 0.250466447265625 0.512539125 0.23717251171875 0.5451570859375 0.224161935546875 0.5529670546875 0.22329451171875 0.56793614453125 0.206814501953125 0.577698595703125 0.19380392578125 0.59787434765625 0.192936501953125 0.6317175234375 0.21201878515625 0.654496580078125 0.2501830859375 0.669465646484375 0.290949529296875 0.66295734375 0.31783810546875 0.649940740234375 0.34299183203125 0.622605890625 0.341257115234375 0.59331853125 0.3239096796875 0.56988862890625 0.27880637890625 0.5451570859375
3 0.297095416015625 0.68007809765625 0.263193662109375 0.67069477734375 0.231100935546875 0.683060560546875 0.20074292578125 0.71820540234375 0.171252208984375 0.74879440234375 0.227631369140625 0.73838112890625 0.272734802734375 0.72796785546875 0.29008223828125 0.711046255859375 0.293551671875 0.68891804296875 0.297095416015625 0.68007809765625