3 0.682663759765625 0.623395673828125 0.691929759765625 0.582820509765625 0.672074009765625 0.600461890625 0.652218259765625 0.611046693359375 0.6369955234375 0.62427773046875 0.606550048828125 0.6366267109375 0.598607744140625 0.655150146484375 0.593312880859375 0.684258453125 0.6039025546875 0.705428125 0.618463494140625 0.71777710546875 0.64361410546875 0.71777710546875 0.649570841796875 0.71248463671875 0.67736887109375 0.660442615234375 0.682663759765625 0.623395673828125
3 0.651635140625 0.518972001953125 0.62574392578125 0.5131370390625 0.601255162109375 0.505198404296875 0.575442701171875 0.508726693359375 0.56021996484375 0.51490121875 0.546470828125 0.53741882421875 0.537296755859375 0.554626369140625 0.5400150078125 0.580890560546875 0.552277658203125 0.60840052734375 0.5727952578125 0.618985328125 0.59675833203125 0.608513224609375 0.6131686328125 0.588994966796875 0.627067646484375 0.559004671875 0.6369955234375 0.545773634765625 0.644937828125 0.530778421875 0.651635140625 0.518972001953125
3 0.40132353125 0.43312722265625 0.412385373046875 0.38948566796875 0.406546892578125 0.391359806640625 0.40132353125 0.395710576171875 0.388265173828125 0.414853935546875 0.368024728515625 0.42268540234375 0.337990517578125 0.44269890234375 0.317750072265625 0.469673662109375 0.3131796171875 0.50012905078125 0.317750072265625 0.518402271484375 0.33015547265625 0.539285978515625 0.351048875 0.55581891796875 0.37716558984375 0.54537709765625 0.390223947265625 0.514921708984375 0.39805894140625 0.48011555078125 0.40132353125 0.43312722265625
3 0.40200066796875 0.673289701171875 0.377189845703125 0.657626904296875 0.356949400390625 0.653276134765625 0.335403091796875 0.657626904296875 0.321691826171875 0.67677033203125 0.31059219140625 0.717667541015625 0.31385678125 0.778578318359375 0.326915138671875 0.803812796875 0.3386676796875 0.842969724609375 0.362172712890625 0.87255497265625 0.373925255859375 0.8934386796875 0.3745781640625 0.86646385546875 0.38959526953125 0.8290472734375 0.410488646484375 0.785539576171875 0.42093534765625 0.732460197265625 0.4176707578125 0.69591369140625 0.40200066796875 0.673289701171875
3 0.75583369921875 0.4879468828125 0.742826810546875 0.437352080078125 0.7257994609375 0.467063240234375 0.710129447265625 0.49055737109375 0.698376931640625 0.523623248046875 0.69576525 0.56190996875 0.710129447265625 0.592365357421875 0.74342825 0.607158013671875 0.7708508046875 0.577572765625 0.768892056640625 0.531454580078125 0.75583369921875 0.4879468828125
3 0.596521728515625 0.11204033203125 0.569099173828125 0.10159851171875 0.54951163671875 0.10507920703125 0.53449453125 0.10855976953125 0.52665953515625 0.139885365234375 0.5279653515625 0.17730187890625 0.53841202734375 0.236472375 0.559305404296875 0.29042189453125 0.57693419140625 0.337410287109375 0.59129833984375 0.31739671875 0.602397998046875 0.287811537109375 0.616762197265625 0.2399530703125 0.62198553515625 0.1746915234375 0.596521728515625 0.11204033203125
3 0.622072904296875 0.064211626953125 0.611538833984375 0.09637766796875 0.622638443359375 0.133794181640625 0.64940808984375 0.153807748046875 0.682053984375 0.17556159765625 0.702294427734375 0.18252285546875 0.71078235546875 0.18600341796875 0.704253177734375 0.147716697265625 0.6885831640625 0.09637766796875 0.67421896484375 0.06244158203125 0.664425197265625 0.04677878515625 0.638308482421875 0.0493892734375 0.622072904296875 0.064211626953125
3 0.265613640625 0.5671309453125 0.291077447265625 0.5532084296875 0.299565375 0.534065068359375 0.3122074296875 0.52684437890625 0.317194162109375 0.474024431640625 0.29630078515625 0.42268540234375 0.2590844609375 0.392230013671875 0.208156873046875 0.36786567578125 0.167023001953125 0.35742385546875 0.124583365234375 0.3600342109375 0.09454915234375 0.344371544921875 0.112830873046875 0.400931552734375 0.1343771328125 0.460101982421875 0.163758412109375 0.525363529296875 0.21860357421875 0.5706115078125 0.265613640625 0.5671309453125
3 0.3132766640625 0.649795572265625 0.319372228515625 0.62337837109375 0.306094552734375 0.61150878515625 0.288465765625 0.594975845703125 0.268225322265625 0.581923537109375 0.23949692578125 0.577572765625 0.20097478515625 0.594105705078125 0.161799712890625 0.60541766796875 0.128500912109375 0.652405994140625 0.095202060546875 0.70200480859375 0.05080367578125 0.719407888671875 0.035786544921875 0.732460197265625 0.076920390625 0.7455125078125 0.12393045703125 0.75856481640625 0.182040158203125 0.776838037109375 0.223826912109375 0.769876779296875 0.263001984375 0.7455125078125 0.301524123046875 0.708095861328125 0.310664982421875 0.68460173046875 0.3132766640625 0.649795572265625
3 0.336781697265625 0.132053900390625 0.362615181640625 0.103375056640625 0.345922544921875 0.1007284375 0.31654125390625 0.09985823046875 0.28715994921875 0.091156689453125 0.26430782421875 0.079844662109375 0.23492651953125 0.05635053125 0.20750396484375 0.05896101953125 0.172246388671875 0.083325357421875 0.15984096484375 0.1007284375 0.158535125 0.135534595703125 0.167023001953125 0.1607690078125 0.167023001953125 0.1764318046875 0.169634732421875 0.197315447265625 0.19183392578125 0.219939501953125 0.21925648046875 0.2242902734375 0.2564728046875 0.220809576171875 0.272142818359375 0.199055728515625 0.311317890625 0.172951109375 0.336781697265625 0.132053900390625
0 0.102258611328125 0.208394498046875 0.11995306640625 0.184658650390625 0.12182955859375 0.1649236640625 0.12182955859375 0.1383297578125 0.098804923828125 0.1086672890625 0.07808274609375 0.092301814453125 0.052755654296875 0.084630490234375 0.02435859765625 0.0825847578125 0.003636419921875 0.0815619296875 0.000566486328125 0.099973138671875 0.00018271875 0.127589873046875 0.005938876953125 0.15060384375 0.019753681640625 0.170037880859375 0.04162707421875 0.19867744140625 0.078850208984375 0.217600103515625 0.102258611328125 0.208394498046875